0 Unknown 25 5 25 0
1 FP.d_L 217 163 130 0
2 FP.m_L 69 78 10 0
3 FP.v_L 19 4 44 0
4 SFG.rm_L 208 166 233 0
5 SFG.cm_L 128 155 248 0
6 SFG.r_L 186 161 139 0
7 SFG.ri_L 143 239 71 0
8 SFG.ci_L 208 171 0 0
9 SFG.c_L 100 219 141 0
10 IFG.rd_L 8 195 186 0
11 IFG.cd_L 216 44 22 0
12 IFG.cv_L 220 5 138 0
13 IFG.iv_L 20 76 123 0
14 IFG.rv_L 108 103 7 0
15 OrG.rm_L 1 31 2 0
16 OrG.cm_L 171 134 165 0
17 OrG.ri_L 65 157 195 0
18 OrG.ci_L 98 117 255 0
19 OrG.rl_L 206 251 97 0
20 OrG.cl_L 175 243 166 0
21 M1.v_L 215 176 180 0
22 M1.i_L 99 224 34 0
23 M1.d_L 148 184 216 0
24 M1.m_L 134 96 79 0
25 PM.rd_L 108 124 184 0
26 PM.cd_L 227 18 239 0
27 PM.i_L 136 91 172 0
28 PM.cv_L 146 65 82 0
29 PM.rv_L 184 152 129 0
30 PM.rm_L 86 194 100 0
31 PM.cm_L 84 227 67 0
32 PoCG.dm_L 58 182 159 0
33 PoCG.d_L 12 21 96 0
34 PoCG.i_L 213 102 201 0
35 PoCG.v_L 81 61 202 0
36 FPO.r_L 224 20 14 0
37 FPO.ri_L 171 86 146 0
38 FPO.ci_L 38 220 115 0
39 FPO.c_L 229 203 180 0
40 SPL.rv_L 59 196 13 0
41 SPL.iv_L 145 103 255 0
42 SPL.cv_L 50 242 23 0
43 SPL.rd_L 159 148 230 0
44 SPL.cd_L 76 230 172 0
45 SPL.m_L 227 51 194 0
46 IPL.sr_L 241 12 93 0
47 IPL.sri_L 162 27 130 0
48 IPL.sci_L 161 195 237 0
49 IPL.sc_L 104 112 121 0
50 IPL.gr_L 244 50 127 0
51 IPL.gri_L 12 108 242 0
52 IPL.gci_L 158 89 254 0
53 IPL.gc_L 154 242 4 0
54 PrCu.vr_L 117 213 193 0
55 PrCu.dr_L 104 127 107 0
56 PrCu.dc_L 135 58 201 0
57 PrCu.di_L 19 106 72 0
58 PrCu.vi_L 188 191 182 0
59 PrCu.vc_L 236 238 47 0
60 PrL.d_L 29 33 186 0
61 PrL.i_L 248 237 171 0
62 PrL.STS_L 247 223 3 0
63 PrL.v_L 30 221 21 0
64 SFL.r_L 251 211 245 0
65 SFL.i_L 92 38 132 0
66 STG.gc_L 248 94 227 0
67 STG.gr_L 98 210 58 0
68 STG.gri_L 122 83 59 0
69 STG.gci_L 228 205 35 0
70 STSU.rEx_L 236 248 68 0
71 STSU.cEx_L 109 137 168 0
72 STSU.r_L 113 38 238 0
73 STSU.ri_L 177 10 208 0
74 STSU.ci_L 187 46 157 0
75 STSU.c_L 128 7 237 0
76 STSL.r_L 184 79 4 0
77 STSL.cIn_L 23 194 38 0
78 STSL.cEx_L 131 230 237 0
79 ITG.gr_L 68 16 126 0
80 ITG.gdc_L 215 159 17 0
81 ITG.gvc_L 166 88 57 0
82 PHG.r_L 110 223 247 0
83 PHG.mi_L 36 143 194 0
84 PHG.li_L 66 69 61 0
85 PHG.cm_L 53 227 55 0
86 PHG.cl_L 57 32 31 0
87 TP.vr_L 199 73 205 0
88 TP.mr_L 150 219 141 0
89 TP.lr_L 195 207 15 0
90 TP.dr_L 143 116 73 0
91 TP.cEx_L 115 105 125 0
92 TP.cIn_L 209 211 160 0
93 V1.cm_L 181 245 163 0
94 V1.dl_L 94 21 141 0
95 V1.vl_L 59 152 6 0
96 V1.mvi_L 217 241 37 0
97 V1.mdi_L 209 104 10 0
98 V1.rm_L 232 240 11 0
99 V2.l_L 151 210 202 0
100 V2.d_L 106 220 212 0
101 V2.v_L 29 2 26 0
102 V2.dm_L 93 28 20 0
103 V2.vm_L 66 167 134 0
104 VMO.l_L 70 243 179 0
105 VMO.i_L 162 241 201 0
106 VMO.m_L 32 9 221 0
107 INS.vr_L 104 15 122 0
108 INS.dr_L 97 110 110 0
109 INS.ri_L 80 125 125 0
110 INS.v_L 249 177 198 0
111 INS.ci_L 2 79 251 0
112 INS.c_L 69 130 220 0
113 CG.vr_L 163 225 42 0
114 CG.ir_L 130 162 88 0
115 CG.dr_L 146 254 188 0
116 CG.idr_L 80 16 46 0
117 CG.idc_L 69 225 69 0
118 CG.ivr_L 207 70 170 0
119 CG.ivc_L 134 245 144 0
120 CG.dc_L 236 246 191 0
121 CG.vc_L 160 220 255 0
122 CG.RSr_L 63 144 36 0
123 CG.RSi_L 26 171 12 0
124 CG.RSc_L 182 210 42 0
125 Acb.C_L 174 101 228 0
126 Acb.Sh_L 233 147 143 0
127 Amyg.cl_L 181 148 190 0
128 Amyg.rl_L 49 200 134 0
129 Amyg.m_L 192 133 78 0
130 Cd.Hv_L 22 134 251 0
131 Cd.B_L 9 146 114 0
132 Cd.Hi_L 1 139 197 0
133 Cd.Hd_L 189 250 135 0
134 Cd.T_L 151 247 81 0
135 HF.c_L 204 48 92 0
136 HF.i_L 172 148 49 0
137 HF.r_L 168 147 235 0
138 Hy.cl_L 154 226 246 0
139 Hy.rl_L 22 18 128 0
140 Hy.m_L 127 142 190 0
141 GP.v_L 80 45 174 0
142 GP.d_L 99 238 16 0
143 Pu.r_L 181 185 69 0
144 Pu.v_L 22 81 101 0
145 Pu.c_L 250 223 59 0
146 Tha.rv_L 120 153 233 0
147 Tha.c_L 34 196 236 0
148 Tha.ld_L 234 70 32 0
149 Tha.l_L 152 18 33 0
150 Tha.m_L 18 53 222 0
151 Tha.Sh_L 172 162 252 0
152 Tha.cv_L 127 10 41 0
153 FP.d_R 66 172 91 0
154 FP.m_R 81 28 181 0
155 FP.v_R 6 117 190 0
156 SFG.rm_R 129 175 202 0
157 SFG.cm_R 57 23 14 0
158 SFG.r_R 148 67 50 0
159 SFG.ri_R 188 206 244 0
160 SFG.ci_R 125 133 253 0
161 SFG.c_R 128 46 65 0
162 IFG.rd_R 246 11 205 0
163 IFG.cd_R 165 123 213 0
164 IFG.cv_R 208 112 154 0
165 IFG.iv_R 195 167 124 0
166 IFG.rv_R 233 225 16 0
167 OrG.rm_R 140 213 21 0
168 OrG.cm_R 97 130 83 0
169 OrG.ri_R 178 254 93 0
170 OrG.ci_R 199 29 124 0
171 OrG.rl_R 1 108 3 0
172 OrG.cl_R 224 248 22 0
173 M1.v_R 209 181 77 0
174 M1.i_R 202 246 204 0
175 M1.d_R 177 82 155 0
176 M1.m_R 203 182 57 0
177 PM.rd_R 105 92 177 0
178 PM.cd_R 106 107 138 0
179 PM.i_R 148 28 236 0
180 PM.cv_R 104 44 0 0
181 PM.rv_R 111 190 75 0
182 PM.rm_R 218 51 35 0
183 PM.cm_R 100 180 76 0
184 PoCG.dm_R 210 5 251 0
185 PoCG.d_R 12 216 0 0
186 PoCG.i_R 108 79 250 0
187 PoCG.v_R 167 249 106 0
188 FPO.r_R 128 128 192 0
189 FPO.ri_R 130 233 49 0
190 FPO.ci_R 121 63 221 0
191 FPO.c_R 35 179 233 0
192 SPL.rv_R 75 71 196 0
193 SPL.iv_R 151 146 226 0
194 SPL.cv_R 24 69 100 0
195 SPL.rd_R 234 18 115 0
196 SPL.cd_R 121 3 109 0
197 SPL.m_R 166 108 78 0
198 IPL.sr_R 150 251 31 0
199 IPL.sri_R 73 239 75 0
200 IPL.sci_R 175 89 210 0
201 IPL.sc_R 149 229 163 0
202 IPL.gr_R 149 125 10 0
203 IPL.gri_R 30 182 163 0
204 IPL.gci_R 145 29 211 0
205 IPL.gc_R 203 136 65 0
206 PrCu.vr_R 208 133 255 0
207 PrCu.dr_R 71 89 205 0
208 PrCu.dc_R 43 82 100 0
209 PrCu.di_R 185 192 201 0
210 PrCu.vi_R 112 157 150 0
211 PrCu.vc_R 197 32 81 0
212 PrL.d_R 185 51 71 0
213 PrL.i_R 250 48 255 0
214 PrL.STS_R 220 39 144 0
215 PrL.v_R 82 124 156 0
216 SFL.r_R 230 238 22 0
217 SFL.i_R 45 178 52 0
218 STG.gc_R 83 149 44 0
219 STG.gr_R 254 172 58 0
220 STG.gri_R 92 165 84 0
221 STG.gci_R 159 241 93 0
222 STSU.rEx_R 51 73 131 0
223 STSU.cEx_R 142 6 164 0
224 STSU.r_R 41 161 226 0
225 STSU.ri_R 49 202 8 0
226 STSU.ci_R 142 170 56 0
227 STSU.c_R 200 142 107 0
228 STSL.r_R 3 34 182 0
229 STSL.cIn_R 104 183 246 0
230 STSL.cEx_R 165 189 156 0
231 ITG.gr_R 76 18 156 0
232 ITG.gdc_R 63 30 147 0
233 ITG.gvc_R 156 100 161 0
234 PHG.r_R 253 194 236 0
235 PHG.mi_R 17 38 91 0
236 PHG.li_R 151 178 178 0
237 PHG.cm_R 232 34 43 0
238 PHG.cl_R 80 42 183 0
239 TP.vr_R 105 230 72 0
240 TP.mr_R 87 76 61 0
241 TP.lr_R 215 210 75 0
242 TP.dr_R 149 224 122 0
243 TP.cEx_R 231 65 57 0
244 TP.cIn_R 18 161 4 0
245 V1.cm_R 45 148 112 0
246 V1.dl_R 48 131 249 0
247 V1.vl_R 251 27 192 0
248 V1.mvi_R 115 119 101 0
249 V1.mdi_R 214 59 149 0
250 V1.rm_R 191 106 164 0
251 V2.l_R 30 185 77 0
252 V2.d_R 21 75 90 0
253 V2.v_R 165 133 213 0
254 V2.dm_R 109 226 10 0
255 V2.vm_R 83 49 97 0
256 VMO.l_R 241 34 41 0
257 VMO.i_R 104 218 2 0
258 VMO.m_R 210 199 100 0
259 INS.vr_R 10 119 179 0
260 INS.dr_R 210 40 174 0
261 INS.ri_R 142 214 181 0
262 INS.v_R 193 218 176 0
263 INS.ci_R 100 233 142 0
264 INS.c_R 210 26 45 0
265 CG.vr_R 140 191 243 0
266 CG.ir_R 22 220 109 0
267 CG.dr_R 243 101 235 0
268 CG.idr_R 51 87 240 0
269 CG.idc_R 252 24 37 0
270 CG.ivr_R 1 239 82 0
271 CG.ivc_R 135 253 214 0
272 CG.dc_R 67 95 212 0
273 CG.vc_R 126 44 240 0
274 CG.RSr_R 150 198 245 0
275 CG.RSi_R 156 183 219 0
276 CG.RSc_R 251 137 147 0
277 Acb.C_R 171 251 115 0
278 Acb.Sh_R 214 71 199 0
279 Amyg.cl_R 28 227 87 0
280 Amyg.rl_R 161 36 91 0
281 Amyg.m_R 24 135 252 0
282 Cd.Hv_R 57 68 199 0
283 Cd.B_R 48 43 55 0
284 Cd.Hi_R 147 128 137 0
285 Cd.Hd_R 7 172 80 0
286 Cd.T_R 194 213 28 0
287 HF.c_R 75 159 44 0
288 HF.i_R 105 89 157 0
289 HF.r_R 190 177 81 0
290 Hy.cl_R 149 205 187 0
291 Hy.rl_R 201 133 148 0
292 Hy.m_R 118 156 73 0
293 GP.v_R 117 58 129 0
294 GP.d_R 177 201 178 0
295 Pu.r_R 44 50 95 0
296 Pu.v_R 248 7 171 0
297 Pu.c_R 75 135 22 0
298 Tha.rv_R 215 223 124 0
299 Tha.c_R 199 121 186 0
300 Tha.ld_R 66 81 39 0
301 Tha.l_R 116 182 200 0
302 Tha.m_R 216 48 173 0
303 Tha.Sh_R 69 94 94 0
304 Tha.cv_R 147 150 144 0
